# Created by Octave 4.0.0, Tue Apr 05 10:32:22 2016 CEST <ruppi@ruppi-PC>
# name: f_norm
# type: matrix
# rows: 3
# columns: 1
 -2.046363078989088e-14
 -2.273736754432321e-14
 8192.000000000011


