# Created by Octave 3.6.4, Thu Mar 17 09:37:07 2016 CET <rupprich@mp-akulapd.ziti.uni-heidelberg.de>
# name: f_norm
# type: matrix
# rows: 3
# columns: 1
 -2.046363078989088e-14
 -2.273736754432321e-14
 8192.000000000011


