# Created by Octave 3.6.4, Mon Mar 14 12:26:17 2016 CET <rupprich@mp-akulapd.ziti.uni-heidelberg.de>
# name: f_norm
# type: matrix
# rows: 3
# columns: 1
 -1.932676241267473e-14
 -9.094947017729283e-15
 8191.999999999996


