# Created by Octave 3.6.4, Tue Mar 15 12:12:27 2016 CET <rupprich@mp-akulapd.ziti.uni-heidelberg.de>
# name: f_norm
# type: matrix
# rows: 3
# columns: 1
 5.968558980384841e-15
 -2.728484105318785e-14
 8191.999999999988


