# Created by Octave 4.0.0, Sat Apr 09 10:36:30 2016 CEST <ruppi@ruppi-PC>
# name: f_norm
# type: matrix
# rows: 3
# columns: 1
 1.364242052659392e-14
 2.273736754432321e-14
 8191.999999999988


