# Created by Octave 3.6.4, Tue Mar 15 15:20:07 2016 CET <rupprich@mp-akulapd.ziti.uni-heidelberg.de>
# name: f_norm
# type: matrix
# rows: 3
# columns: 1
 1.364242052659392e-14
 2.273736754432321e-14
 8191.999999999988


