# Created by Octave 3.6.4, Mon Mar 14 11:16:06 2016 CET <rupprich@mp-akulapd.ziti.uni-heidelberg.de>
# name: f_norm
# type: matrix
# rows: 3
# columns: 1
 1.13686837721616e-14
 -2.728484105318785e-14
 8192.000000000007


