# Created by Octave 3.6.4, Tue Mar 15 10:04:27 2016 CET <rupprich@mp-akulapd.ziti.uni-heidelberg.de>
# name: f_norm
# type: matrix
# rows: 3
# columns: 1
 2.501110429875553e-14
 -2.728484105318785e-14
 8192.000000000015


