# Created by Octave 3.6.4, Thu Mar 17 09:28:02 2016 CET <rupprich@mp-akulapd.ziti.uni-heidelberg.de>
# name: f_norm
# type: matrix
# rows: 3
# columns: 1
 1.051603248924948e-14
 4.718003765447065e-14
 8191.999999999988


